435 483 486 521 592 749 877 893 986 1015 
37 69 182 372 436 550 700 746 773 936 
117 173 185 261 418 479 580 617 832 912 
11|22|42|58|69|167|393|456|802|929|
198|229|315|324|370|373|421|537|784|919|
91|170|281|413|526|862|873|956|980|996|
84|305|313|327|336|505|729|846|857|925|
43|124|364|367|434|545|582|750|814|895|
87|178|276|399|403|584|651|754|788|808|
12|60|94|226|368|539|586|676|739|932|
97|317|378|434|467|492|570|601|795|902|
280|286|301|441|444|619|652|689|756|865|
31|97|117|440|481|675|709|729|771|927|
435 483 486 521 592 749 877 893 986 1015 
37 69 182 372 436 550 700 746 773 936 
117 173 185 261 418 479 580 617 832 912 
435 483 486 521 592 749 877 893 986 1015 
37 69 182 372 436 550 700 746 773 936 
117 173 185 261 418 479 580 617 832 912 
435 483 486 521 592 749 877 893 986 1015 
37 69 182 372 436 550 700 746 773 936 
117 173 185 261 418 479 580 617 832 912 
435 483 486 521 592 749 877 893 986 1015 
37 69 182 372 436 550 700 746 773 936 
117 173 185 261 418 479 580 617 832 912 
435 483 486 521 592 749 877 893 986 1015 
37 69 182 372 436 550 700 746 773 936 
117 173 185 261 418 479 580 617 832 912 
435 483 486 521 592 749 877 893 986 1015 
37 69 182 372 436 550 700 746 773 936 
117 173 185 261 418 479 580 617 832 912 
435 483 486 521 592 749 877 893 986 1015 
37 69 182 372 436 550 700 746 773 936 
117 173 185 261 418 479 580 617 832 912 
